100001
100001000001
100001000002
100001000003
100001000001000004
100001000001000007
100001000001000010
100001000001000011
100001000001000013
100001000002000002
100001000002000004
100001000003000002
100001000003000003
100001000003000004
100001000003000005
100001000003000006
100001000003000007
100002
100002000003
100002000005
100002000009
100003
100003000004
100003000005
100004
100004000011
100006
100006000001
100006000001000006
100006000001000011
100006000003
100006000003000001
100006000003000005
100007
100007000001
100007000001000007
100007000002
100007000002000002
100007000003
100007000003000002
100008
100008000001
100008000002
